Name, Priority Rating, Effort Points, Gear Points
Hokei, 1.61, 14,737.44, 9,151.39
Moncholy, 3.71, 9,742.44, 2,625.00
Moncha, 3.47, 14,737.44, 4,241.56
Hokie, 1.35, 2,700.00, 2,000.00
Nocturama, 2.52, 14,123.32, 5,612.50
Poj, 0.00, 0.00, 2,000.00
Hokee, 2.08, 6,192.44, 2,978.76
Piggret, 1.62, 14,737.44, 9,125.00
Mcdoobler, 3.11, 14,737.44, 4,739.13
Chiafrost, 0.00, 0.00, 2,000.00
Corcho, 1.83, 12,037.44, 6,590.00
Smexyropman, 2.78, 12,442.44, 4,472.32
Excellent, 1.23, 14,737.44, 12,000.00
Superb, 1.17, 5,413.71, 4,610.03
Opulent, 1.11, 2,210.00, 2,000.00
Tessberra, 1.16, 13,137.44, 11,293.03
Pellegrino, 0.00, 0.00, 2,000.00
Realfriendz, 3.00, 11,515.44, 3,842.38
Homicide, 0.00, 0.00, 2,000.00
Eno, 2.88, 14,737.44, 5,125.00
Oldblkman, 0.00, 0.00, 2,000.00
Morhion, 1.46, 12,527.44, 8,594.83
Profblix, 0.72, 2,953.94, 4,088.03
offbalance, 3.26, 6,520.44, 2,000.00
Cuckinducks, 0.97, 9,742.44, 10,093.91
Talauré, 0.68, 1,357.22, 2,000.00
Groundnpound, 3.24, 10,842.44, 3,344.98
Burgavin, 0.00, 0.00, 2,000.00
Knobnuts, 0.00, 0.00, 2,000.00
Blacknasty, 0.00, 0.00, 2,000.00
Scottieb, 5.12, 10,232.44, 2,000.00
Heyman, 1.48, 2,953.94, 2,000.00
Scrapper, 1.70, 14,737.44, 8,692.94
Queekadin, 0.76, 2,953.94, 3,892.27
Stonemove, 2.14, 9,742.44, 4,550.00
Manitou, 1.85, 3,699.82, 2,000.00
Maricle, 0.00, 0.00, 2,000.00
Manithree, 0.51, 1,464.13, 2,885.59
Sokka, 1.35, 14,737.44, 10,925.00
Ragerv, 2.03, 14,737.44, 7,265.63
Asteri, 2.16, 4,310.44, 2,000.00
Dotterama, 1.67, 7,532.44, 4,500.00
Zappem, 1.40, 14,737.44, 10,525.13
Garrius, 2.54, 11,423.32, 4,500.00
Sigok, 0.70, 4,310.44, 6,152.57
momofhatred, 1.38, 5,163.94, 3,750.26
Hooked, 1.41, 8,815.44, 6,250.00
Maev, 1.39, 8,037.34, 5,793.13
disenchanted, 0.00, 0.00, 119,179.28
pug, 0.00, 0.00, 2,000.00
Dontqqme, 0.91, 9,742.44, 10,715.69
Britney, 0.61, 2,713.71, 4,479.08
Wetspells, 1.78, 12,442.44, 7,006.50
Majicman, 0.42, 835.21, 2,000.00
Mariahcarry, 2.16, 14,123.32, 6,537.51
Bobbyflay, 0.00, 0.00, 2,000.00
Swordfish, 1.08, 9,742.44, 9,001.03
bank, 0.00, 0.00, 5,095.01
Ragnaros, 1.92, 14,737.44, 7,680.63
Arthalter, 0.62, 2,431.94, 3,919.14
Egob, 1.85, 3,696.31, 2,000.00
Helservent, 2.11, 8,120.44, 3,843.28
Joeyson, 0.91, 12,037.44, 13,222.55
Likalize, 0.91, 3,676.44, 4,057.32
Manazu, 1.38, 9,742.44, 7,037.58
Quack, 1.57, 9,220.44, 5,887.76
Rivella, 0.72, 2,953.94, 4,088.03
Seastar, 2.51, 6,319.94, 2,522.01
Targle, 2.34, 12,527.44, 5,351.14
Timecrisis, 0.81, 2,953.94, 3,658.14
Treziques, 1.86, 4,027.81, 2,163.39
Utu, 0.88, 6,520.44, 7,384.75
Vashii, 0.42, 835.21, 2,000.00
Astranis, 6.61, 14,737.44, 2,230.30
unassigned, 0.00, 0.00, 6,925.00
Cornpops, 0.94, 14,737.44, 15,687.50
Arghkettnaad, 2.73, 12,527.44, 4,590.31
Switter, 1.01, 4,057.22, 4,000.00
Vashi, 0.00, 0.00, 2,000.00
Noblewarlord, 1.48, 12,037.44, 8,117.50
Hamerhand, 1.33, 9,742.44, 7,336.64
Poulz, 1.13, 13,637.44, 12,122.12
Arivas, 1.41, 14,737.44, 10,449.52
IROC, 1.01, 14,737.44, 14,630.50
Jaklar, 0.64, 7,042.44, 11,078.00
Haelrik, 0.00, 0.00, 2,000.00
BigBanana, 1.23, 7,532.44, 6,136.31
Pintang, 4.27, 9,104.94, 2,130.50
Acadia, 0.91, 1,817.81, 2,000.00
Ambicatus, 3.11, 8,642.44, 2,783.01
Ascindia, 4.61, 14,737.44, 3,197.68
Babybucket, 0.38, 835.21, 2,195.75
Bossmagi, 1.25, 9,742.44, 7,780.00
Kiteme, 1.37, 14,737.44, 10,750.00
Wizzonu, 2.72, 5,445.72, 2,000.00
Schmid, 0.42, 835.21, 2,000.00
Catstevens, 1.72, 10,507.23, 6,125.00
Jroc, 0.00, 0.00, 2,000.00
Rooke, 0.74, 1,596.73, 2,153.53
Silverstreak, 0.26, 522.01, 2,000.00
Pathefinder, 0.90, 6,788.50, 7,520.94
HelenofTroy, 0.62, 1,244.51, 2,000.00
Imadude, 0.59, 2,118.73, 3,612.08
jamilanister, 0.00, 0.00, 2,000.00
Egobic, 0.00, 0.00, 2,000.00
Satka, 0.00, 0.00, 2,000.00
Slappybagz, 2.12, 6,046.13, 2,850.00
Novemina, 1.51, 4,036.63, 2,668.31
Atake, 0.20, 614.13, 2,997.95
Dantioch, 0.69, 1,878.50, 2,722.50
Barbarosa, 0.00, 0.00, 2,000.00
Dreadpirate, 1.06, 7,402.63, 6,976.72
Magicjay, 0.46, 2,186.63, 4,785.61
Dangarr, 1.56, 13,380.23, 8,563.00
Kantmiss, 1.23, 7,048.60, 5,718.75
Maulpaw, 0.39, 1,596.73, 4,072.67
Puzzle, 1.67, 8,385.23, 5,017.50
Shrekd, 1.35, 2,700.00, 2,000.00
Sokkan, 1.32, 4,296.73, 3,250.00
Floriselia, 0.67, 1,336.63, 2,000.00
Chobbin, 4.33, 11,783.50, 2,722.50
Zeno, 3.42, 11,783.50, 3,445.00
Moltar, 0.92, 6,788.50, 7,418.75
Tynothy, 3.10, 11,783.50, 3,806.25
Evilfox, 4.54, 9,083.50, 2,000.00
Warning, 1.68, 11,783.50, 7,000.00
Shartz, 3.39, 6,788.50, 2,000.00
Borderpatrol, 0.00, 0.00, 2,000.00
Bundaa, 3.10, 11,783.50, 3,806.25
Arathena, 2.02, 9,083.50, 4,500.00
Stille, 4.12, 8,233.50, 2,000.00
Josie, 2.67, 7,610.00, 2,850.00
Cheerful, 0.00, 0.00, 2,000.00
Chelmari, 1.41, 6,788.50, 4,799.69
Gnomajik, 3.39, 6,788.50, 2,000.00
Bellend, 0.58, 1,600.00, 2,750.00
Wilzea, 3.93, 11,783.50, 3,000.00
Libbi, 1.38, 8,233.50, 5,959.38
Florbydorbis, 1.66, 9,083.50, 5,479.69
Topcat, 3.39, 6,788.50, 2,000.00
Ceneda, 0.59, 4,088.50, 6,967.19
Ryzeup, 2.92, 6,788.50, 2,324.06
Ryze, 0.00, 0.00, 2,000.00
Steelpanther, 0.29, 722.50, 2,451.56
Mandalynn, 1.58, 4,505.00, 2,850.00
Caitylinn, 3.08, 9,488.50, 3,083.75
Panzy, 0.94, 1,878.50, 2,000.00
Riddle, 0.00, 0.00, 2,000.00
Hifalutin, 0.00, 0.00, 2,000.00
yungmage, 0.50, 2,210.00, 4,443.75
Vaulaut, 2.46, 4,910.00, 2,000.00
Dbcooper, 1.01, 7,205.00, 7,100.00
Thormond, 2.46, 4,910.00, 2,000.00
Highfalutin, 0.47, 2,210.00, 4,677.50
JudgmentJudy, 0.00, 0.00, 2,000.00
Jan, 2.70, 5,400.00, 2,000.00
Joneleth, 0.00, 0.00, 2,000.00
Dummyythicc, 0.00, 0.00, 2,000.00
Lalloo, 0.80, 1,600.00, 2,000.00
